i ->0 j ->3  61  23  38  23 
i ->0 j ->4  61  23  38  23  56 
i ->0 j ->5  61  23  38  23  56  40 
i ->0 j ->6  61  23  38  23  56  40  82 
i ->0 j ->7  61  23  38  23  56  40  82  56 
i ->0 j ->8  61  23  38  23  56  40  82  56  82 
i ->0 j ->9  61  23  38  23  56  40  82  56  82  82 
i ->0 j ->10  61  23  38  23  56  40  82  56  82  82  82 
i ->0 j ->11  61  23  38  23  56  40  82  56  82  82  82  70 
i ->0 j ->12  61  23  38  23  56  40  82  56  82  82  82  70  8 
i ->0 j ->13  61  23  38  23  56  40  82  56  82  82  82  70  8  69 
i ->0 j ->14  61  23  38  23  56  40  82  56  82  82  82  70  8  69  8 
i ->0 j ->15  61  23  38  23  56  40  82  56  82  82  82  70  8  69  8  7 
i ->0 j ->16  61  23  38  23  56  40  82  56  82  82  82  70  8  69  8  7  19 
i ->0 j ->17  61  23  38  23  56  40  82  56  82  82  82  70  8  69  8  7  19  14 
i ->0 j ->18  61  23  38  23  56  40  82  56  82  82  82  70  8  69  8  7  19  14  58 
i ->0 j ->19  61  23  38  23  56  40  82  56  82  82  82  70  8  69  8  7  19  14  58  42 
i ->0 j ->20  61  23  38  23  56  40  82  56  82  82  82  70  8  69  8  7  19  14  58  42  82 
i ->0 j ->21  61  23  38  23  56  40  82  56  82  82  82  70  8  69  8  7  19  14  58  42  82  10 
i ->0 j ->22  61  23  38  23  56  40  82  56  82  82  82  70  8  69  8  7  19  14  58  42  82  10  82 
i ->0 j ->23  61  23  38  23  56  40  82  56  82  82  82  70  8  69  8  7  19  14  58  42  82  10  82  78 
i ->0 j ->24  61  23  38  23  56  40  82  56  82  82  82  70  8  69  8  7  19  14  58  42  82  10  82  78  15 
i ->0 j ->25  61  23  38  23  56  40  82  56  82  82  82  70  8  69  8  7  19  14  58  42  82  10  82  78  15  82 
i ->1 j ->3  23  38  23 
i ->1 j ->4  23  38  23  56 
i ->1 j ->5  23  38  23  56  40 
i ->1 j ->6  23  38  23  56  40  82 
i ->1 j ->7  23  38  23  56  40  82  56 
i ->1 j ->8  23  38  23  56  40  82  56  82 
i ->1 j ->9  23  38  23  56  40  82  56  82  82 
i ->1 j ->10  23  38  23  56  40  82  56  82  82  82 
i ->1 j ->11  23  38  23  56  40  82  56  82  82  82  70 
i ->1 j ->12  23  38  23  56  40  82  56  82  82  82  70  8 
i ->1 j ->13  23  38  23  56  40  82  56  82  82  82  70  8  69 
i ->1 j ->14  23  38  23  56  40  82  56  82  82  82  70  8  69  8 
i ->1 j ->15  23  38  23  56  40  82  56  82  82  82  70  8  69  8  7 
i ->1 j ->16  23  38  23  56  40  82  56  82  82  82  70  8  69  8  7  19 
i ->1 j ->17  23  38  23  56  40  82  56  82  82  82  70  8  69  8  7  19  14 
i ->1 j ->18  23  38  23  56  40  82  56  82  82  82  70  8  69  8  7  19  14  58 
i ->1 j ->19  23  38  23  56  40  82  56  82  82  82  70  8  69  8  7  19  14  58  42 
i ->1 j ->20  23  38  23  56  40  82  56  82  82  82  70  8  69  8  7  19  14  58  42  82 
i ->1 j ->21  23  38  23  56  40  82  56  82  82  82  70  8  69  8  7  19  14  58  42  82  10 
i ->1 j ->22  23  38  23  56  40  82  56  82  82  82  70  8  69  8  7  19  14  58  42  82  10  82 
i ->1 j ->23  23  38  23  56  40  82  56  82  82  82  70  8  69  8  7  19  14  58  42  82  10  82  78 
i ->1 j ->24  23  38  23  56  40  82  56  82  82  82  70  8  69  8  7  19  14  58  42  82  10  82  78  15 
i ->1 j ->25  23  38  23  56  40  82  56  82  82  82  70  8  69  8  7  19  14  58  42  82  10  82  78  15  82 
i ->2 j ->7  38  23  56  40  82  56 
i ->2 j ->8  38  23  56  40  82  56  82 
i ->2 j ->9  38  23  56  40  82  56  82  82 
i ->2 j ->10  38  23  56  40  82  56  82  82  82 
i ->2 j ->11  38  23  56  40  82  56  82  82  82  70 
i ->2 j ->12  38  23  56  40  82  56  82  82  82  70  8 
i ->2 j ->13  38  23  56  40  82  56  82  82  82  70  8  69 
i ->2 j ->14  38  23  56  40  82  56  82  82  82  70  8  69  8 
i ->2 j ->15  38  23  56  40  82  56  82  82  82  70  8  69  8  7 
i ->2 j ->16  38  23  56  40  82  56  82  82  82  70  8  69  8  7  19 
i ->2 j ->17  38  23  56  40  82  56  82  82  82  70  8  69  8  7  19  14 
i ->2 j ->18  38  23  56  40  82  56  82  82  82  70  8  69  8  7  19  14  58 
i ->2 j ->19  38  23  56  40  82  56  82  82  82  70  8  69  8  7  19  14  58  42 
i ->2 j ->20  38  23  56  40  82  56  82  82  82  70  8  69  8  7  19  14  58  42  82 
i ->2 j ->21  38  23  56  40  82  56  82  82  82  70  8  69  8  7  19  14  58  42  82  10 
i ->2 j ->22  38  23  56  40  82  56  82  82  82  70  8  69  8  7  19  14  58  42  82  10  82 
i ->2 j ->23  38  23  56  40  82  56  82  82  82  70  8  69  8  7  19  14  58  42  82  10  82  78 
i ->2 j ->24  38  23  56  40  82  56  82  82  82  70  8  69  8  7  19  14  58  42  82  10  82  78  15 
i ->2 j ->25  38  23  56  40  82  56  82  82  82  70  8  69  8  7  19  14  58  42  82  10  82  78  15  82 
i ->3 j ->7  23  56  40  82  56 
i ->3 j ->8  23  56  40  82  56  82 
i ->3 j ->9  23  56  40  82  56  82  82 
i ->3 j ->10  23  56  40  82  56  82  82  82 
i ->3 j ->11  23  56  40  82  56  82  82  82  70 
i ->3 j ->12  23  56  40  82  56  82  82  82  70  8 
i ->3 j ->13  23  56  40  82  56  82  82  82  70  8  69 
i ->3 j ->14  23  56  40  82  56  82  82  82  70  8  69  8 
i ->3 j ->15  23  56  40  82  56  82  82  82  70  8  69  8  7 
i ->3 j ->16  23  56  40  82  56  82  82  82  70  8  69  8  7  19 
i ->3 j ->17  23  56  40  82  56  82  82  82  70  8  69  8  7  19  14 
i ->3 j ->18  23  56  40  82  56  82  82  82  70  8  69  8  7  19  14  58 
i ->3 j ->19  23  56  40  82  56  82  82  82  70  8  69  8  7  19  14  58  42 
i ->3 j ->20  23  56  40  82  56  82  82  82  70  8  69  8  7  19  14  58  42  82 
i ->3 j ->21  23  56  40  82  56  82  82  82  70  8  69  8  7  19  14  58  42  82  10 
i ->3 j ->22  23  56  40  82  56  82  82  82  70  8  69  8  7  19  14  58  42  82  10  82 
i ->3 j ->23  23  56  40  82  56  82  82  82  70  8  69  8  7  19  14  58  42  82  10  82  78 
i ->3 j ->24  23  56  40  82  56  82  82  82  70  8  69  8  7  19  14  58  42  82  10  82  78  15 
i ->3 j ->25  23  56  40  82  56  82  82  82  70  8  69  8  7  19  14  58  42  82  10  82  78  15  82 
i ->4 j ->7  56  40  82  56 
i ->4 j ->8  56  40  82  56  82 
i ->4 j ->9  56  40  82  56  82  82 
i ->4 j ->10  56  40  82  56  82  82  82 
i ->4 j ->11  56  40  82  56  82  82  82  70 
i ->4 j ->12  56  40  82  56  82  82  82  70  8 
i ->4 j ->13  56  40  82  56  82  82  82  70  8  69 
i ->4 j ->14  56  40  82  56  82  82  82  70  8  69  8 
i ->4 j ->15  56  40  82  56  82  82  82  70  8  69  8  7 
i ->4 j ->16  56  40  82  56  82  82  82  70  8  69  8  7  19 
i ->4 j ->17  56  40  82  56  82  82  82  70  8  69  8  7  19  14 
i ->4 j ->18  56  40  82  56  82  82  82  70  8  69  8  7  19  14  58 
i ->4 j ->19  56  40  82  56  82  82  82  70  8  69  8  7  19  14  58  42 
i ->4 j ->20  56  40  82  56  82  82  82  70  8  69  8  7  19  14  58  42  82 
i ->4 j ->21  56  40  82  56  82  82  82  70  8  69  8  7  19  14  58  42  82  10 
i ->4 j ->22  56  40  82  56  82  82  82  70  8  69  8  7  19  14  58  42  82  10  82 
i ->4 j ->23  56  40  82  56  82  82  82  70  8  69  8  7  19  14  58  42  82  10  82  78 
i ->4 j ->24  56  40  82  56  82  82  82  70  8  69  8  7  19  14  58  42  82  10  82  78  15 
i ->4 j ->25  56  40  82  56  82  82  82  70  8  69  8  7  19  14  58  42  82  10  82  78  15  82 
i ->5 j ->8  40  82  56  82 
i ->5 j ->9  40  82  56  82  82 
i ->5 j ->10  40  82  56  82  82  82 
i ->5 j ->11  40  82  56  82  82  82  70 
i ->5 j ->12  40  82  56  82  82  82  70  8 
i ->5 j ->13  40  82  56  82  82  82  70  8  69 
i ->5 j ->14  40  82  56  82  82  82  70  8  69  8 
i ->5 j ->15  40  82  56  82  82  82  70  8  69  8  7 
i ->5 j ->16  40  82  56  82  82  82  70  8  69  8  7  19 
i ->5 j ->17  40  82  56  82  82  82  70  8  69  8  7  19  14 
i ->5 j ->18  40  82  56  82  82  82  70  8  69  8  7  19  14  58 
i ->5 j ->19  40  82  56  82  82  82  70  8  69  8  7  19  14  58  42 
i ->5 j ->20  40  82  56  82  82  82  70  8  69  8  7  19  14  58  42  82 
i ->5 j ->21  40  82  56  82  82  82  70  8  69  8  7  19  14  58  42  82  10 
i ->5 j ->22  40  82  56  82  82  82  70  8  69  8  7  19  14  58  42  82  10  82 
i ->5 j ->23  40  82  56  82  82  82  70  8  69  8  7  19  14  58  42  82  10  82  78 
i ->5 j ->24  40  82  56  82  82  82  70  8  69  8  7  19  14  58  42  82  10  82  78  15 
i ->5 j ->25  40  82  56  82  82  82  70  8  69  8  7  19  14  58  42  82  10  82  78  15  82 
i ->6 j ->8  82  56  82 
i ->6 j ->9  82  56  82  82 
i ->6 j ->10  82  56  82  82  82 
i ->6 j ->11  82  56  82  82  82  70 
i ->6 j ->12  82  56  82  82  82  70  8 
i ->6 j ->13  82  56  82  82  82  70  8  69 
i ->6 j ->14  82  56  82  82  82  70  8  69  8 
i ->6 j ->15  82  56  82  82  82  70  8  69  8  7 
i ->6 j ->16  82  56  82  82  82  70  8  69  8  7  19 
i ->6 j ->17  82  56  82  82  82  70  8  69  8  7  19  14 
i ->6 j ->18  82  56  82  82  82  70  8  69  8  7  19  14  58 
i ->6 j ->19  82  56  82  82  82  70  8  69  8  7  19  14  58  42 
i ->6 j ->20  82  56  82  82  82  70  8  69  8  7  19  14  58  42  82 
i ->6 j ->21  82  56  82  82  82  70  8  69  8  7  19  14  58  42  82  10 
i ->6 j ->22  82  56  82  82  82  70  8  69  8  7  19  14  58  42  82  10  82 
i ->6 j ->23  82  56  82  82  82  70  8  69  8  7  19  14  58  42  82  10  82  78 
i ->6 j ->24  82  56  82  82  82  70  8  69  8  7  19  14  58  42  82  10  82  78  15 
i ->6 j ->25  82  56  82  82  82  70  8  69  8  7  19  14  58  42  82  10  82  78  15  82 
i ->7 j ->9  56  82  82 
i ->7 j ->10  56  82  82  82 
i ->7 j ->11  56  82  82  82  70 
i ->7 j ->12  56  82  82  82  70  8 
i ->7 j ->13  56  82  82  82  70  8  69 
i ->7 j ->14  56  82  82  82  70  8  69  8 
i ->7 j ->15  56  82  82  82  70  8  69  8  7 
i ->7 j ->16  56  82  82  82  70  8  69  8  7  19 
i ->7 j ->17  56  82  82  82  70  8  69  8  7  19  14 
i ->7 j ->18  56  82  82  82  70  8  69  8  7  19  14  58 
i ->7 j ->19  56  82  82  82  70  8  69  8  7  19  14  58  42 
i ->7 j ->20  56  82  82  82  70  8  69  8  7  19  14  58  42  82 
i ->7 j ->21  56  82  82  82  70  8  69  8  7  19  14  58  42  82  10 
i ->7 j ->22  56  82  82  82  70  8  69  8  7  19  14  58  42  82  10  82 
i ->7 j ->23  56  82  82  82  70  8  69  8  7  19  14  58  42  82  10  82  78 
i ->7 j ->24  56  82  82  82  70  8  69  8  7  19  14  58  42  82  10  82  78  15 
i ->7 j ->25  56  82  82  82  70  8  69  8  7  19  14  58  42  82  10  82  78  15  82 
i ->8 j ->9  82  82 
i ->8 j ->10  82  82  82 
i ->8 j ->11  82  82  82  70 
i ->8 j ->12  82  82  82  70  8 
i ->8 j ->13  82  82  82  70  8  69 
i ->8 j ->14  82  82  82  70  8  69  8 
i ->8 j ->15  82  82  82  70  8  69  8  7 
i ->8 j ->16  82  82  82  70  8  69  8  7  19 
i ->8 j ->17  82  82  82  70  8  69  8  7  19  14 
i ->8 j ->18  82  82  82  70  8  69  8  7  19  14  58 
i ->8 j ->19  82  82  82  70  8  69  8  7  19  14  58  42 
i ->8 j ->20  82  82  82  70  8  69  8  7  19  14  58  42  82 
i ->8 j ->21  82  82  82  70  8  69  8  7  19  14  58  42  82  10 
i ->8 j ->22  82  82  82  70  8  69  8  7  19  14  58  42  82  10  82 
i ->8 j ->23  82  82  82  70  8  69  8  7  19  14  58  42  82  10  82  78 
i ->8 j ->24  82  82  82  70  8  69  8  7  19  14  58  42  82  10  82  78  15 
i ->8 j ->25  82  82  82  70  8  69  8  7  19  14  58  42  82  10  82  78  15  82 
i ->9 j ->10  82  82 
i ->9 j ->11  82  82  70 
i ->9 j ->12  82  82  70  8 
i ->9 j ->13  82  82  70  8  69 
i ->9 j ->14  82  82  70  8  69  8 
i ->9 j ->15  82  82  70  8  69  8  7 
i ->9 j ->16  82  82  70  8  69  8  7  19 
i ->9 j ->17  82  82  70  8  69  8  7  19  14 
i ->9 j ->18  82  82  70  8  69  8  7  19  14  58 
i ->9 j ->19  82  82  70  8  69  8  7  19  14  58  42 
i ->9 j ->20  82  82  70  8  69  8  7  19  14  58  42  82 
i ->9 j ->21  82  82  70  8  69  8  7  19  14  58  42  82  10 
i ->9 j ->22  82  82  70  8  69  8  7  19  14  58  42  82  10  82 
i ->9 j ->23  82  82  70  8  69  8  7  19  14  58  42  82  10  82  78 
i ->9 j ->24  82  82  70  8  69  8  7  19  14  58  42  82  10  82  78  15 
i ->9 j ->25  82  82  70  8  69  8  7  19  14  58  42  82  10  82  78  15  82 
i ->10 j ->14  82  70  8  69  8 
i ->10 j ->15  82  70  8  69  8  7 
i ->10 j ->16  82  70  8  69  8  7  19 
i ->10 j ->17  82  70  8  69  8  7  19  14 
i ->10 j ->18  82  70  8  69  8  7  19  14  58 
i ->10 j ->19  82  70  8  69  8  7  19  14  58  42 
i ->10 j ->20  82  70  8  69  8  7  19  14  58  42  82 
i ->10 j ->21  82  70  8  69  8  7  19  14  58  42  82  10 
i ->10 j ->22  82  70  8  69  8  7  19  14  58  42  82  10  82 
i ->10 j ->23  82  70  8  69  8  7  19  14  58  42  82  10  82  78 
i ->10 j ->24  82  70  8  69  8  7  19  14  58  42  82  10  82  78  15 
i ->10 j ->25  82  70  8  69  8  7  19  14  58  42  82  10  82  78  15  82 
i ->11 j ->14  70  8  69  8 
i ->11 j ->15  70  8  69  8  7 
i ->11 j ->16  70  8  69  8  7  19 
i ->11 j ->17  70  8  69  8  7  19  14 
i ->11 j ->18  70  8  69  8  7  19  14  58 
i ->11 j ->19  70  8  69  8  7  19  14  58  42 
i ->11 j ->20  70  8  69  8  7  19  14  58  42  82 
i ->11 j ->21  70  8  69  8  7  19  14  58  42  82  10 
i ->11 j ->22  70  8  69  8  7  19  14  58  42  82  10  82 
i ->11 j ->23  70  8  69  8  7  19  14  58  42  82  10  82  78 
i ->11 j ->24  70  8  69  8  7  19  14  58  42  82  10  82  78  15 
i ->11 j ->25  70  8  69  8  7  19  14  58  42  82  10  82  78  15  82 
i ->12 j ->14  8  69  8 
i ->12 j ->15  8  69  8  7 
i ->12 j ->16  8  69  8  7  19 
i ->12 j ->17  8  69  8  7  19  14 
i ->12 j ->18  8  69  8  7  19  14  58 
i ->12 j ->19  8  69  8  7  19  14  58  42 
i ->12 j ->20  8  69  8  7  19  14  58  42  82 
i ->12 j ->21  8  69  8  7  19  14  58  42  82  10 
i ->12 j ->22  8  69  8  7  19  14  58  42  82  10  82 
i ->12 j ->23  8  69  8  7  19  14  58  42  82  10  82  78 
i ->12 j ->24  8  69  8  7  19  14  58  42  82  10  82  78  15 
i ->12 j ->25  8  69  8  7  19  14  58  42  82  10  82  78  15  82 
i ->13 j ->22  69  8  7  19  14  58  42  82  10  82 
i ->13 j ->23  69  8  7  19  14  58  42  82  10  82  78 
i ->13 j ->24  69  8  7  19  14  58  42  82  10  82  78  15 
i ->13 j ->25  69  8  7  19  14  58  42  82  10  82  78  15  82 
i ->14 j ->22  8  7  19  14  58  42  82  10  82 
i ->14 j ->23  8  7  19  14  58  42  82  10  82  78 
i ->14 j ->24  8  7  19  14  58  42  82  10  82  78  15 
i ->14 j ->25  8  7  19  14  58  42  82  10  82  78  15  82 
i ->15 j ->22  7  19  14  58  42  82  10  82 
i ->15 j ->23  7  19  14  58  42  82  10  82  78 
i ->15 j ->24  7  19  14  58  42  82  10  82  78  15 
i ->15 j ->25  7  19  14  58  42  82  10  82  78  15  82 
i ->16 j ->22  19  14  58  42  82  10  82 
i ->16 j ->23  19  14  58  42  82  10  82  78 
i ->16 j ->24  19  14  58  42  82  10  82  78  15 
i ->16 j ->25  19  14  58  42  82  10  82  78  15  82 
i ->17 j ->22  14  58  42  82  10  82 
i ->17 j ->23  14  58  42  82  10  82  78 
i ->17 j ->24  14  58  42  82  10  82  78  15 
i ->17 j ->25  14  58  42  82  10  82  78  15  82 
i ->18 j ->22  58  42  82  10  82 
i ->18 j ->23  58  42  82  10  82  78 
i ->18 j ->24  58  42  82  10  82  78  15 
i ->18 j ->25  58  42  82  10  82  78  15  82 
i ->19 j ->22  42  82  10  82 
i ->19 j ->23  42  82  10  82  78 
i ->19 j ->24  42  82  10  82  78  15 
i ->19 j ->25  42  82  10  82  78  15  82 
i ->20 j ->22  82  10  82 
i ->20 j ->23  82  10  82  78 
i ->20 j ->24  82  10  82  78  15 
i ->20 j ->25  82  10  82  78  15  82 
i ->21 j ->25  10  82  78  15  82 
i ->22 j ->25  82  78  15  82 
259